16
48
1
83
100
63
26
58
55
54
50
16
32
93
40
100
32
83
20
93
96
9
24
63
72
97
0
65
60
17
25
98
52
63
94
53
93
81
54
29
14
78
63
39
30
3
19
0
1
49
39
45
68
25
40
41
42
67
4
61
32
72
35
86
46
0
67
24
85
7
91
3
65
26
39
68
28
57
29
34
36
100
76
71
77
99
72
40
20
100
57
26
57
92
50
82
46
67
3
90
88
18
46
44
37
73
13
46
2
30
78
3
77
35
2
71
45
84
60
47
90
15
3
62
38
45
64
63
12
56
0
77
15
45
59
98
8
57
46
7
81
62
16
22
0
87
82
42
33
89
58
100
34
39
43
9
57
96
23
69
82
42
78
75
20
57
47
48
5
49
78
59
68
1
3
22
57
72
3
18
47
95
11
89
73
93
23
74
33
32
28
34
75
100
10
61
25
82
10
30
60
52
59
91
67
40
97
57
99
87
30
13
99
69
38
29
12
12
30
7
73
51
93
88
70
16
26
40
99
9
84
64
25
25
1
10
19
36
37
95
36
64
40
42
56
67
42
17
46
44
65
55
8
56
66
60
92
74
95
46
47
57
58
6
66
99
62
78
2
85
84
86
5
78
98
1
76
2
95
29
66
22
71
55
23
34
87
3
84
16
24
32
82
98
6
54
10
99
84
31
42
70
31
41
66
17
75
6
28
59
19
5
100
91
76
98
16
6
95
87
29
5
59
74
49
85
44
65
21
28
87
33
47
80
15
0
0
29
23
71
95
70
0
2
46
62
100
80
42
64
68
63
67
34
71
99
78
63
79
98
61
53
84
13
63
50
50
79
4
53
11
47
61
98
31
73
60
58
11
51
24
68
28
13
99
7
86
99
100
2
51
68
62
87
66
67
13
89
53
97
29
28
53
84
91
62
66
50
80
51
1
84
71
98
72
83
79
88
20
93
27
39
94
24
15
100
16
31
80
73
80
76
100
73
8
37
93
70
32
57
100
8
6
7
23
60
56
57
58
69
26
85
90
68
87
35
52
5
89
9
94
46
15
93
99
60
77
0
22
73
20
11
83
97
6
80
76
34
9
49
8
85
4
32
75
1
17
63
73
12
79
48
26
100
91
60
97
52
7
65
74
3
93
68
43
66
35
93
76
80
31
15
69
24
45
91
18
89
16
48
100
15
7
27
42
1
94
98
53
28
11
86
94
35
71
83
14
89
34
97
2
59
34
52
43
49
3
60
41
58
32
74
77
10
30
65
98
94
39
16
32
40
51
76
98
82
45
83
83
60
7
14
22
52
65
55
93
16
23
18
15
48
71
26
32
65
40
86
76
4
67
15
90
100
38
96
47
56
37
4
40
70
63
33
60
1
92
71
33
63
77
94
88
19
66
6
5
24
58
65
95
44
43
33
6
72
1
33
42
72
25
8
70
61
30
17
31
80
22
30
51
4
90
75
30
49
31
89
58
37
71
43
95
19
69
18
84
19
30
50
21
62
40
68
32
11
4
57
47
7
29
99
2
40
74
3
9
86
40
91
48
6
60
64
81
69
27
48
17
65
23
19
16
96
83
46
18
67
34
63
49
100
100
75
46
31
19
44
18
13
75
94
66
40
34
61
86
17
88
28
7
82
72
37
97
35
34
85
60
48
10
97
13
57
12
79
17
31
62
65
18
31
63
9
91
76
97
53
43
33
55
47
51
72
82
83
0
61
50
75
69
72
75
4
84
13
44
69
31
2
7
57
52
97
94
33
72
18
10
98
83
76
37
13
98
19
85
81
58
63
34
25
25
92
88
82
46
89
76
42
19
58
90
86
47
16
0
46
86
96
39
28
95
58
26
21
58
17
27
77
34
18
91
96
36
55
8
74
52
32
16
28
21
97
34
5
42
98
8
22
26
4
62
25
75
100
67
97
72
22
54
9
18
44
91
63
46
68
68
92
56
78
100
16
47
26
98
36
20
8
37
91
49
32
76
27
97
36
72
7
77
42
10
95
47
9
47
8
2
61
33
29
62
98
26
50
50
84
81
58
2
23
9
42
96
88
90
33
88
10
71
2
13
94
58
17
87
87
31
58
53
32
16
82
24
68
79
26
100
69
67
79
98
56
14
48
9
98
80
48
93
29
96
61
41
10
70
71
36
72
48
95
79
14
11
81
97
61
47
88
67
32
24
72
54
88
98
96
15
68
79
41
11
78
53
12
43
27
49
67
62
51
17
64
22
94
0
38
93
21
85
65
51
100
40
90
66
22
92
2
