37
58
29
42
65
97
62
31
23
5
49
90
85
41
16
54
46
47
55
22
77
5
50
98
49
16
64
9
63
47
92
96
62
18
59
82
57
0
61
96
3
9
27
31
82
77
52
36
55
57
38
41
38
22
19
9
43
25
56
21
86
41
7
13
87
56
27
90
91
43
58
64
91
53
14
95
74
24
89
30
72
78
20
33
56
34
23
33
58
40
39
41
84
47
34
46
26
10
62
62
56
87
21
96
80
43
88
71
5
29
48
18
80
7
62
37
34
23
30
63
37
40
82
6
41
41
32
93
47
76
38
59
76
46
57
94
16
44
100
25
25
75
6
34
19
92
17
18
93
39
58
22
68
43
37
93
6
95
95
85
100
94
47
46
30
44
40
85
50
88
5
23
5
80
11
74
56
83
48
43
58
41
34
25
5
68
18
67
18
83
6
61
40
43
8
23
76
92
37
55
54
14
47
52
80
27
45
14
31
9
55
17
30
71
0
16
96
91
74
64
77
95
78
96
97
72
37
66
94
6
80
87
8
30
98
26
14
96
13
26
17
67
72
10
2
75
32
48
82
4
28
83
57
47
91
13
43
38
77
63
83
56
2
43
8
65
90
21
89
13
2
91
10
84
35
88
62
87
33
67
50
31
70
60
97
5
79
20
28
89
14
78
92
77
66
91
73
27
65
88
68
21
27
10
1
48
77
13
47
72
70
65
90
97
55
16
75
38
1
73
31
10
16
96
54
29
88
2
94
97
90
60
30
26
97
97
19
98
62
28
46
94
99
36
66
57
73
54
81
23
86
27
32
91
37
49
94
78
17
41
96
2
98
0
79
11
32
97
42
21
90
70
94
84
73
76
83
79
6
81
30
53
66
78
59
81
96
57
80
80
30
24
90
36
15
56
69
82
52
44
88
48
68
15
14
85
38
89
58
100
76
76
22
44
55
33
84
86
81
52
31
70
7
29
3
40
16
51
0
100
3
100
40
62
81
16
80
9
42
55
23
15
79
38
87
9
74
4
77
40
32
80
23
29
67
43
79
17
14
94
64
13
56
82
63
78
39
0
65
5
53
6
27
2
67
66
1
66
35
42
85
1
79
94
100
59
51
39
26
78
0
30
31
53
36
9
94
95
91
6
8
43
60
47
41
83
80
92
81
8
51
98
57
98
3
84
82
6
88
95
25
87
94
1
9
98
39
70
35
1
80
90
88
12
51
32
94
21
18
6
18
86
8
7
83
3
55
74
23
29
80
46
97
89
24
32
42
39
54
40
28
47
40
25
50
71
53
21
1
67
78
69
78
64
97
100
60
26
94
31
83
80
65
40
89
25
54
11
12
15
23
53
31
7
87
57
80
57
0
42
52
92
76
72
1
90
83
97
89
20
8
67
56
56
63
98
94
48
25
36
20
19
37
93
12
16
35
13
82
17
71
75
82
95
81
94
95
64
48
63
96
93
76
70
85
100
87
98
74
95
26
49
44
59
74
49
79
5
94
8
92
29
93
86
76
37
70
17
89
1
73
97
66
68
84
76
35
66
92
22
72
68
89
79
58
19
90
43
90
8
74
94
58
43
77
97
33
83
57
50
12
23
7
21
52
43
16
71
65
97
71
10
23
22
73
30
22
36
9
96
77
62
72
27
90
47
92
21
87
63
27
20
6
10
71
43
15
10
39
99
59
48
16
40
56
82
61
74
50
70
65
82
96
19
54
98
72
87
24
19
11
42
13
14
48
66
59
31
15
77
56
66
91
91
63
78
95
2
67
85
26
40
35
14
86
7
11
59
89
97
39
6
88
49
0
40
82
50
62
26
30
58
86
58
17
27
55
66
0
43
29
39
12
98
63
27
80
20
86
34
36
29
45
70
76
21
41
27
35
80
24
57
25
70
5
44
92
18
93
100
69
97
72
32
61
69
86
48
54
90
93
6
27
16
50
54
39
29
54
76
66
89
64
86
95
20
79
35
93
87
27
12
23
80
21
4
54
54
11
58
67
39
7
56
9
5
74
24
92
88
43
82
4
64
87
5
60
26
95
81
17
73
53
35
17
33
7
46
28
71
29
45
92
98
36
93
15
75
24
14
75
54
81
85
68
55
85
2
90
94
26
74
5
34
10
59
69
37
82
24
28
8
59
92
99
28
76
92
29
46
79
48
5
3
29
28
67
67
43
83
81
4
53
2
94
28
74
94
95
31
35
77
49
26
56
27
78
99
7
71
92
26
84
21
75
55
42
45
18
5
90
79
52
67
57
14
11
86
57
67
