32
29
19
38
22
17
88
24
20
7
94
58
43
65
63
87
43
3
7
1
22
98
23
0
20
45
29
51
99
28
5
43
53
64
34
37
97
43
92
3
54
52
5
90
22
2
47
22
49
2
73
22
12
57
67
4
52
78
63
8
91
27
49
21
79
58
22
3
15
96
29
9
34
55
12
73
28
78
16
15
24
59
73
55
17
48
66
49
78
14
32
25
44
46
20
87
26
63
36
42
99
68
42
91
0
40
50
93
56
44
47
36
56
63
96
81
60
22
91
94
92
45
32
34
12
87
42
52
70
8
55
37
44
7
51
1
23
29
50
85
91
29
29
48
33
35
62
48
37
65
55
45
28
95
2
97
34
42
59
96
99
41
72
46
58
32
42
55
79
73
38
59
20
0
82
46
46
42
91
69
26
76
100
61
2
62
48
90
30
46
38
64
73
83
75
25
2
69
86
7
93
43
7
84
32
69
68
57
56
3
89
74
38
31
40
51
39
78
61
56
70
31
31
51
11
25
61
90
1
50
100
94
75
56
51
72
85
100
36
64
52
11
62
3
99
92
45
74
43
69
79
67
41
70
27
98
92
97
4
34
91
5
19
92
84
73
44
15
78
69
25
44
64
31
65
94
46
70
11
97
54
43
43
87
48
62
82
11
70
18
29
45
67
4
57
26
85
74
26
34
66
51
45
38
22
16
21
79
93
42
34
24
36
86
36
16
87
66
8
30
25
100
5
15
65
40
65
9
26
69
75
15
88
67
14
51
77
62
61
35
46
98
91
48
64
83
36
43
39
96
91
67
40
99
31
62
81
75
0
86
73
62
9
86
48
20
51
47
4
19
84
47
12
14
33
83
45
56
81
19
42
84
35
96
62
93
5
58
75
51
31
78
38
15
35
81
33
0
63
27
10
89
69
30
70
93
0
44
27
1
43
97
9
92
79
100
70
94
14
19
73
55
14
51
64
94
18
87
72
33
64
31
11
55
80
6
17
20
26
20
54
3
82
3
78
4
17
48
92
49
90
71
17
84
96
88
44
94
89
26
57
51
89
23
35
99
70
32
29
31
20
35
48
87
42
26
64
31
78
72
30
28
47
28
58
70
28
3
71
27
25
25
52
8
45
20
10
53
50
71
38
91
42
39
70
20
10
63
20
22
97
58
62
97
94
77
67
66
86
25
37
34
82
36
61
3
75
55
82
7
59
99
69
58
46
84
10
73
69
14
90
60
29
99
59
75
40
4
78
81
67
19
13
87
46
100
40
36
20
16
59
9
69
8
54
44
48
77
46
5
45
56
76
10
29
92
78
95
64
67
0
82
21
88
51
56
75
56
1
100
85
42
51
84
6
46
2
79
45
22
50
7
83
63
3
28
100
5
16
62
50
10
33
62
66
77
22
9
30
49
12
20
86
19
79
97
58
55
49
66
86
38
43
87
20
9
92
46
56
54
4
96
62
97
71
21
55
38
62
47
47
84
81
4
49
2
80
57
59
57
82
11
32
68
14
89
61
71
56
73
93
54
57
50
91
57
74
26
44
75
16
80
83
40
36
24
2
79
18
13
53
36
38
52
48
26
86
64
57
70
53
69
21
43
7
20
15
46
21
51
73
78
31
10
12
32
71
99
16
20
95
53
2
18
63
88
31
65
19
86
94
91
97
11
100
87
36
61
91
77
67
0
32
51
76
64
28
79
82
18
4
70
3
34
66
43
35
55
80
27
77
69
32
31
51
81
2
22
97
94
36
67
20
83
72
46
90
13
7
84
20
70
3
62
6
76
86
79
22
0
76
99
99
38
42
52
37
39
86
11
95
79
32
74
73
87
24
25
80
73
48
14
1
65
7
90
17
6
27
38
31
82
88
19
5
53
38
55
85
54
37
6
83
40
64
39
67
10
66
95
1
72
51
1
48
18
1
9
47
9
99
11
3
18
69
12
13
4
47
6
93
58
40
58
15
11
99
6
65
9
48
38
73
18
86
87
26
93
55
84
57
93
57
79
59
88
4
83
6
27
72
73
49
42
86
1
1
66
66
67
80
36
42
10
53
49
5
86
75
88
68
89
57
79
67
70
56
6
16
62
26
72
27
3
54
38
84
50
1
10
72
20
58
80
53
20
92
26
35
29
41
91
87
45
67
41
4
42
81
23
55
86
98
5
22
73
9
98
19
19
71
60
6
55
5
41
59
17
4
52
86
84
23
57
85
83
88
32
18
73
38
7
87
74
1
46
93
91
38
15
89
83
63
42
53
30
55
85
25
77
